100 2
1.02967633993 0.45901880426 
-1.41803546641 -0.992686506578 
0.0768616237816 0.741488178064 
-0.88059954071 -1.83679629481 
1.03430735036 1.37322211732 
-1.989890751 -0.0657170537405 
0.330309031414 0.494708228117 
-1.49552828142 -0.327856590883 
0.586658336507 0.605262776234 
-0.868111527029 -1.71781328508 
0.0602438301989 0.394954381061 
-0.105293443583 -1.35826626515 
0.663774261823 0.424022890058 
-0.441248146289 -1.80607478292 
1.87447641575 0.135611418522 
-0.286443292196 -0.119364896313 
1.9394855518 1.39416943578 
-0.901242858045 -1.25022429498 
1.33455396186 0.734860672398 
-1.51417971157 -0.0671175791357 
1.58332670846 1.8121069734 
-0.155459315234 -1.29072935893 
1.62187574183 0.89362501688 
-0.853719391193 -1.55082888813 
0.742380244845 1.45556203365 
-1.54635404307 -1.39454777047 
0.516940822254 1.1944631308 
-0.149885413649 -0.420760811205 
0.913709773619 1.86963050486 
-1.24580775038 -0.923775501316 
0.96486288778 1.96180317271 
-1.91860213839 -1.13968756666 
1.84235419539 0.319121683067 
-1.7201999934 -0.706634002527 
1.90132584925 0.153600648742 
-0.0014808463906 -0.00232427298136 
0.195320320683 1.78450328347 
-0.179467941164 -1.30195166151 
1.39287162738 0.000850621057411 
-0.224333461295 -1.18667801381 
1.03330526693 0.97971135304 
-0.785054903697 -0.53427272014 
0.58575235396 1.51743743617 
-0.379314818155 -0.945646002726 
1.2366446953 1.62421251468 
-0.877543297569 -0.218867491494 
0.462005663437 0.943540118163 
-1.15020457921 -0.333094286136 
1.40453636309 1.29560443269 
-1.00068385151 -1.97496662041 
1.29850252678 0.240450320477 
-0.246432622782 -1.55449671197 
0.052582275671 1.97714965513 
-1.20137481349 -1.02905360889 
0.486044829943 0.331944998326 
-1.10727462618 -1.36265367393 
1.83438863643 0.881152076116 
-0.438860139339 -0.796072831934 
1.25658724767 1.18594220581 
-1.11427942866 -0.572354503207 
1.90651580293 0.238886351495 
-1.41821936949 -1.30884760294 
1.50163352432 0.292337044184 
-1.35884414031 -1.8894444891 
0.723605554183 1.92112530298 
-0.145115403478 -1.69953225878 
0.39692038543 0.476519240319 
-1.339620607 -1.63192590544 
1.5506491752 1.08934071539 
-1.67014650735 -0.104530097582 
1.74675532897 1.94087155429 
-1.15737549824 -1.69994269827 
1.98973607295 0.230478682495 
-0.279570856146 -0.234328703316 
1.77519775578 0.130368321683 
-0.393570874984 -1.53831697242 
1.43603428833 0.591852847567 
-0.576309772131 -1.7567651698 
1.58716073454 1.21204574333 
-0.690153273369 -1.97758025503 
0.50788210045 1.85125190269 
-0.513380688159 -0.271601697081 
1.60085725088 0.594242036304 
-0.0560587937337 -1.90316271291 
0.482544365923 1.52056734884 
-1.56177169974 -0.038245778654 
0.26895530226 1.90525920457 
-0.649134557077 -0.816160258063 
0.366322144913 0.726575599424 
-1.35870719628 -0.429607005371 
0.942351838419 1.62181202548 
-0.0777556293777 -1.68280380587 
0.98953316671 0.569774960232 
-0.998860579582 -0.333087431207 
1.79965481609 0.958634524527 
-0.161604924064 -1.89063325366 
1.67559075019 1.20835103796 
-1.45879540706 -0.113645439178 
0.485903890524 0.502784652177 
-0.395063464747 -0.88698327212 
