2000 2
0.24965180536 0.714140325324
0.526665908874 0.057691043943
0.932105980255 -0.164316294866
0.930741582928 0.208450976022
-0.28316795829 0.864037950597
0.942865061956 0.296543426915
0.515862712208 0.574185189204
-0.0525698430542 -0.415800886361
-0.680094373531 -0.333607360179
0.658835235511 -0.274679099661
-0.350853679948 -0.607812055298
0.0421623608016 -0.774142285048
-0.611713880668 0.466283448143
-0.318514140854 0.23701226202
-0.133269655088 -0.447588644689
0.370890616981 -0.462887712506
0.446101340249 0.79367192628
0.449499038074 0.393689783213
-0.456290638033 -0.0514177760152
-0.0332495244492 -0.0328561994893
0.750740364341 0.650519784465
-0.743724197525 -0.26071317808
-0.548543147629 -0.402182919334
-0.0486912285001 -0.118685035539
-0.0381888282678 -0.0391913305642
0.933260429584 0.21367054095
0.403782044024 0.794428871872
0.355978616776 -0.783198329275
-0.464669017523 0.329645561268
-0.424229733959 0.307202268256
0.824478908292 0.278928862168
0.240153273226 0.0304444054225
0.163380237367 -0.320244284834
0.579429298027 -0.586871248364
0.954751192411 0.0113180175458
-0.938742688753 -0.194484381235
0.170562510488 0.67178710442
0.24587023044 -0.482851928113
-0.233307072439 -0.381888515838
-0.0924195210851 0.217196659477
-0.554663788765 -0.210763802359
0.489223025558 -0.452663596905
0.711353973244 -0.324387920957
0.694270643329 -0.699908553353
0.437238116213 0.578245343675
0.777447743557 -0.450898528348
-0.969069651317 0.145677993563
0.905410430209 -0.159580812096
-0.0779180748093 -0.612639795946
0.866055347868 0.173725359945
-0.869914866232 -0.113084626141
0.497065174657 -0.10445662124
0.0102012355929 -0.938229753278
-0.0807689199113 0.727608455664
-0.0905346156544 -0.639036845467
-0.6559571258 -0.0820641820491
0.46511078723 -0.674596285859
-0.0453235093573 0.641948862258
0.105810994292 -0.176874341765
-0.413213365496 -0.907646005398
-0.82194265009 -0.544464844446
0.526025215362 -0.0464361756123
-0.461889406631 -0.236821648225
-0.0796250262945 -0.873451686388
0.7516016867 0.340781164342
-0.658374801676 0.202323144121
0.851242821511 0.0385402882004
0.0780784938858 -0.112140718086
0.469617847821 0.11711332132
-0.47408912289 0.842636638055
0.624618287927 -0.442189188937
0.187751774814 -0.281261157738
-0.285410614991 0.165049142422
-0.478839705101 0.106448137022
0.0328338649627 0.561271879447
-0.240377506283 0.0143929190867
-0.163773796458 0.285911498879
-0.231151252522 0.0744983839146
0.318451832949 -0.361612734504
0.0442248523355 0.596719826989
0.18641016141 0.840281322545
0.124942230519 0.297045888782
0.345351526644 0.0924435162873
0.16275636013 0.433422529283
-0.765570797309 -0.314121615969
0.611309457357 -0.00922921692127
0.805792320669 -0.166440761798
0.559668311685 -0.432185693641
0.0852888637149 0.296788895168
-0.975043368184 0.208957937348
0.481433055694 0.544877721592
-0.396975597094 0.35499440735
-0.726233136805 -0.269184231261
-0.315466057385 0.252272573576
-0.814441686107 0.427174268751
0.818711889383 0.53938892552
-0.262478732789 -0.888486248188
0.406848350433 -0.454268971691
0.710172019297 -0.173768483224
0.880695074564 0.109452392666
-0.966096077555 -0.0991728611374
-0.716932510781 -0.534882516523
0.210415045091 -0.501284660917
0.271061178343 -0.408698496346
0.0542874132121 -0.099727920008
0.392635404436 -0.40573903583
0.0332942797911 -0.496525199776
0.27405744789 -0.172567983412
0.354952255414 0.211788593841
0.283479446805 -0.77770802318
-0.46853987992 -0.0189926082485
-0.68238462312 -0.221760075119
0.506633293071 0.21065427039
-0.470124667358 0.325593764005
0.116274814131 -0.670708044282
0.179138662468 0.750184112373
0.732835931698 -0.523584885677
-0.182087697106 0.47682303401
-0.654984058237 -0.12916857795
0.246760696505 0.533812382793
-0.8916686135 -0.398853089932
-0.605117692283 -0.310771690153
0.651267374361 -0.0563023541685
0.838363051143 0.482730472778
-0.381669724775 0.36480740955
-0.469912831556 0.259142256294
-0.583141098664 0.699025508073
-0.89075733754 -0.160648308486
0.245889210081 0.372707397361
0.89350773642 0.248933670964
-0.102258299908 0.888504436531
-0.502876527571 -0.623106263107
0.445685539052 -0.839955415623
0.820299306649 0.551668006786
0.611704450504 -0.72823460665
0.954818919377 -0.246745456379
0.66557018033 0.239459681057
0.30383665236 0.856906546355
-0.774837570811 -0.387723033393
-0.116776177198 0.818625022312
0.169898049034 -0.980313999732
-0.339832207406 0.444510263637
0.433460304617 -0.380207408061
0.719127619713 0.674473731031
0.519436514295 0.810082527458
-0.644801639583 0.0743822794966
0.850758729773 0.420388044593
0.106940511886 -0.845419620514
-0.917818053699 -0.374403759016
0.779263996251 -0.427051704904
0.269035321939 -0.755714966433
0.771568891457 -0.349424313739
0.912558808868 -0.0409180492396
-0.00195629643235 0.412597712325
0.148667986428 -0.326220735106
-0.852883763603 -0.369261662417
-0.375145128306 0.701470039518
-0.730552399673 -0.0340813785081
0.849043944505 0.367148420971
0.942856373677 -0.264720661927
0.548368869138 0.141785770242
0.386305536711 -0.555359656726
-0.0678006026008 -0.411786062491
-0.0139379580716 -0.132809865527
-0.420832247341 0.65647950733
0.0237419523412 -0.542488968798
0.729284689854 -0.294622213992
-0.0714171017104 -0.722434009736
-0.349832072008 0.0525744169
0.116274054874 -0.289201297614
0.751355034237 -0.477273025831
-0.0749547160264 -0.125774984744
0.826450422268 -0.0466976221902
0.725283465237 -0.405416611628
-0.185792018989 -0.654518488197
0.961642742043 0.0881361877508
0.897676403441 0.164004046123
0.917173716502 -0.224289364513
0.829306524311 -0.262873362747
-0.638566786545 -0.217825117445
-0.338247488459 0.225940822731
-0.924924732659 0.322539232164
-0.353561508773 -0.803885060784
0.256381175692 0.593659094471
0.265636972086 0.873529557889
0.328362678348 0.0494192983477
-0.209923002445 0.677115747281
0.618811928038 -0.772799945367
0.914836827481 0.278163708862
-0.282030902892 -0.209409624013
0.198888554092 0.365675641461
-0.799044482014 0.196368933248
-0.963662631159 -0.0183081221065
-0.120721724141 -0.809448550664
0.862517154678 -0.367746115903
-0.452238808154 0.47091859526
-0.630015107374 -0.418157487598
0.201714258633 0.239269839234
0.535877324069 0.0806597676669
0.374013384639 -0.423482516019
-0.610807167285 -0.310077700933
0.0852698934972 -0.484947225855
0.600979134976 -0.434650238909
-0.941891517674 0.128434529799
-0.54913808986 -0.287119358634
-0.896309968263 -0.342940182287
0.0998297337063 0.0410559815669
0.189845000451 0.686067559821
-0.127755996869 -0.73040310246
-0.877356824713 -0.240237129369
-0.398946755372 -0.632365347373
0.181893682439 -0.758376095716
-0.713689420141 0.511308444819
0.983898048968 -0.0308495952896
-0.248190807106 0.370746071187
0.133813439604 0.508653219912
0.351685409779 -0.402358497962
-0.0176018665783 -0.25012112506
0.0053715253259 0.733768703128
0.281792426932 0.123966638824
-0.640100604592 -0.596625685849
0.140566579693 0.258554208701
0.259229899789 0.598459806269
0.349592959554 0.816861033577
-0.364734178314 -0.0841192067128
-0.153221359561 0.195526340293
0.321551701396 0.709822751579
-0.0151222866471 0.723183522726
-0.694892078904 0.639869880249
-0.585993405778 -0.0131226759651
-0.619318324241 0.387354321748
-0.0845902354422 -0.596003870693
0.0584468651401 0.316195632886
0.848644797526 0.19407649486
-0.910947092348 0.152348831487
-0.426820723297 -0.610006934921
0.169289817668 -0.820283947147
-0.16515047198 0.0476806666803
0.412605743497 -0.66952907773
-0.0960601660026 0.0201601308369
0.380007711737 0.553582976193
0.0155670803823 0.0971676876665
-0.685201857162 -0.185387246965
-0.664250085277 0.48576756256
-0.212056299204 -0.114008035307
0.105014756037 -0.353762909362
-0.480316362427 -0.401253378966
-0.81853485821 0.31844879699
0.567285630909 0.672040193052
0.0211731746854 0.129539608873
-0.992856532399 -0.0264384920724
0.442341296557 0.586754595306
0.442490950527 0.0935251561557
-0.474684940336 -0.753041047011
-0.0412900979646 -0.802605101523
0.702298915288 0.493233342103
0.072352826645 0.719612161701
-0.288228486788 0.570452596825
-0.579690681208 -0.467816484637
0.809022619398 -0.58051879648
-0.147193823062 -0.619687172947
0.910269936873 0.320007226915
0.414612722151 -0.329049201085
-0.114496007269 -0.640512713011
0.966080676765 0.178055876862
-0.882799094785 0.281227977868
0.627102735253 -0.218180712248
0.910151138892 0.409732074628
0.901476975537 0.299317114657
-0.231312278235 -0.607141625665
0.0844891824152 0.572612161906
-0.815458814234 -0.0662342095125
-0.564549078275 0.594509934043
0.885922080871 0.0319976640838
0.526737779333 -0.644045396688
0.40674095444 0.897104234014
0.596079341781 -0.552101127826
0.79031061632 -0.375513628292
0.846387968012 -0.0352949577398
-0.608075480408 0.504589637802
0.66207396599 0.0865743880284
0.438437839393 0.732806969317
-0.766714124288 -0.198408585543
0.77096228406 -0.151864990276
-0.0409727676992 0.379506976854
0.887663715068 -0.241039560595
0.203766436918 0.574937395267
0.242862796266 0.442838060229
0.0185837184596 -0.961275990006
0.343061138043 -0.759228545089
-0.389805660516 0.777487299068
-0.110128560087 -0.280009288585
0.820078753981 0.0552645779447
-0.165165185918 0.537412595174
0.033811652566 0.403479735111
0.787095687308 -0.194325086646
0.667942522427 -0.296553141986
0.537069395763 -0.711814544368
0.14037773739 -0.480271964681
0.83567665714 0.359285015891
-0.42863151249 -0.412468659381
-0.991612202881 -0.0683580565326
0.81606579486 -0.302652243373
0.304280668457 0.830728102062
0.522233037216 0.580515484315
0.914159370749 -0.394116975096
0.646166806881 -0.35514216575
0.487688695419 -0.670946382464
-0.81300079415 0.297521424409
0.148524687419 0.820775868636
0.404414085319 0.861112326803
-0.686784669028 0.373130659403
-0.645984929836 -0.305838834768
-0.454946149454 -0.484770921003
0.045977928636 -0.710998349242
-0.290644455946 0.536281125667
0.62280183537 -0.473503494938
-0.172907701042 -0.604669312968
0.41418243347 0.0358606516541
0.823682284925 -0.565209503499
-0.440923200159 0.337290001248
0.746966118864 0.0584979061213
0.892061856215 0.344694424018
-0.0754675076246 -0.898142430558
0.504702220952 0.329943243561
-0.0955965044409 0.888375313028
0.258767093815 0.287640642277
-0.647092851124 0.24259336617
0.520962966362 0.00384541613256
-0.890882032631 0.375356772247
-0.228579415898 -0.836649037594
-0.303345950346 -0.850646571221
-0.369811499192 0.799965858382
0.698133246444 0.616696624762
0.855047193017 0.168497007994
0.877536660419 0.429232998231
-0.301552779599 -0.720519019244
-0.739062392919 -0.415654943996
-0.672460693253 0.394012274938
-0.292199845209 0.835052148475
0.650044731922 -0.155748721049
-0.520071736776 0.261827003567
0.260452571586 -0.479048293192
-0.564875513842 0.0120530616669
-0.504503894464 -0.135076500448
-0.492330893095 0.818335511959
-0.569374911447 -0.3311645035
-0.434210825433 0.786755070889
0.370364468602 -0.7314380994
0.270129440222 0.35260883973
0.432478983255 -0.480472595477
0.326479282266 0.186426140466
-0.425785799264 0.175674833105
-0.341661498912 -0.44111427461
-0.024465024956 -0.479642314762
-0.957712221937 -0.0504291275379
0.699601275471 0.473058813345
0.315548810239 -0.345178255898
-0.491627105578 0.554294993156
0.783055828762 0.048760249442
-0.255043525413 -0.417497603782
-0.0640365020745 -0.0569568925652
0.484588540891 0.664169337053
-0.904531758436 0.362638683513
-0.0917400070815 0.339466032979
-0.142223555823 0.113730747879
0.174784958667 0.693963649962
-0.704790410226 -0.0373137712211
-0.291924879298 0.837917263034
-0.503473085485 -0.0201863651159
-0.761579509712 -0.311729693372
-0.765463966311 -0.240478593803
-0.376994006227 -0.566743757803
-0.132102809477 0.18082843787
-0.148108926739 -0.931462019683
0.121754722651 0.643646287982
-0.825462216398 0.391166516948
-0.0211294899526 0.0453064064369
-0.0142468812129 -0.157053341587
-0.407554350296 0.749320985507
-0.288709766609 0.747515672882
0.94578473186 0.31267969826
-0.549268081248 0.635816584339
0.697322359022 0.637698906407
0.282890187548 0.889420643866
0.246320843687 -0.357923562613
0.504895541865 0.250228488794
-0.439307827641 -0.614059753991
-0.110861032164 0.904711021777
-0.489757108931 0.167411497903
0.054201896673 0.172039326519
0.173921832641 0.388763449598
-0.715975565009 -0.53466488924
-0.703622602759 0.150364094415
0.0761915582178 -0.478934813546
0.0214047552114 -0.793939042674
-0.713508385186 0.359441801359
-0.498626432514 0.197911065603
-0.756374984508 -0.0480731531776
0.746155351642 0.241811295542
-0.087735364011 -0.577469344248
0.573798260539 -0.0969528695725
-0.857044829071 0.296523115271
-0.748993091757 0.430718605636
0.8211781332 0.34211945634
0.865377393039 -0.438718323196
-0.412206627203 0.298159243008
0.456890596525 0.151094527825
0.818322347926 -0.14178573112
-0.790354107456 0.409665991252
0.138286093785 0.790240995355
0.764189333153 -0.548042726205
0.636829604476 0.543772919683
-0.922679346599 -0.372495922921
-0.741715288305 -0.221776958158
-0.185300277908 -0.0588052957367
0.130622549544 -0.246537643062
0.0273171435519 -0.0181887196605
0.785350164976 0.571235160109
-0.937783573416 -0.143446197055
0.430985980493 0.542750914797
-0.307403830873 0.631387878054
-0.3015633356 0.582327271069
0.237887238362 0.0591743297108
-0.214200590439 0.245277874147
-0.636749540755 -0.50462628892
-0.853754574078 0.243950170625
0.200201694809 -0.778049612689
0.591597194024 0.505755933672
-0.443257752705 0.237106007971
0.924740258333 0.074331859084
0.971191924714 0.218091386104
0.405537497945 0.651590988785
0.0180450112893 -0.0728958903503
0.686692479951 -0.287913586774
0.362979301312 0.645857700113
0.804245373113 0.377026663932
0.652993540006 0.195267427836
-0.0948906549887 -0.846707246709
-0.523175051111 0.734923557909
0.407695841892 0.367732441785
0.747848530195 -0.361001797732
-0.123832180394 0.934464954123
-0.146931519895 0.306356180596
0.491255012201 0.0214017262223
-0.484382386744 0.226828386388
-0.0718913139423 -0.742499976023
0.40688754889 0.673976801353
0.482624161074 -0.772724567362
0.920977846637 0.371420735028
0.707968299116 0.669077045146
-0.170665053207 0.617378736937
-0.952701589619 -0.0161129068075
-0.744911190759 0.0881108933415
0.136931986339 -0.469531756724
-0.757268395474 0.0427805659022
-0.669215307653 -0.0255576770661
-0.0359130659775 0.843812237948
-0.00485264335123 0.286012329083
0.643028837386 0.550604251466
0.226743289646 -0.773641079282
-0.244948595236 -0.115458453477
0.646761140956 0.623950192321
0.215674617194 0.0922666956489
-0.80581797884 -0.32985591758
-0.118573934082 0.0397795219016
0.440147482689 -0.0874189813633
-0.0360018873263 0.74528645437
-0.275752078749 -0.363065318268
-0.43770206388 0.531866495166
0.593882115396 0.430150449876
0.188913911291 -0.377689486508
-0.155790968041 -0.749666818792
-0.880088593709 -0.33917271635
0.516003916121 0.541171877681
-0.422624866418 0.580529802778
0.469308685887 -0.827234626044
0.5667603583 0.354090810234
-0.990278411915 -0.133749805907
0.152074368749 0.532548561809
0.940978300946 0.205786739294
0.967823808708 0.0349408297762
0.470057666671 -0.855595877692
0.0197829688325 0.882150209357
0.630641653298 0.483672297107
-0.564809540179 -0.38471037952
-0.981691021708 0.132463323237
0.240928631151 -0.114230004046
0.887794322138 -0.301883169677
-0.817567204538 0.291418990909
-0.566009432537 0.651554018359
0.204854512821 0.913354912138
-0.222888734832 0.348041344042
0.159665524999 -0.492115991673
0.920640629921 -0.0142788284032
-0.472271195999 -0.270154382392
-0.325481244158 0.0624794423545
-0.360134959067 -0.06621144469
0.670425283287 0.03380397359
-0.982696722328 -0.0328436924638
0.13469654863 -0.855239067951
-0.695018700795 0.380679111897
0.0114017271639 -0.881159902709
-0.119169389982 0.65528916426
0.552570647885 -0.566306346101
-0.0431382483415 -0.960583615064
-0.977988574826 0.119567911704
-0.786285666145 -0.156936522403
-0.0716659433507 -0.642405785231
-0.656453639429 -0.689803677144
0.711881116639 0.557990572028
-0.475382325978 -0.377316897962
-0.621580260596 0.718027563589
0.0286846168816 -0.462548536737
-0.864443428395 0.320618286828
0.808879878312 -0.134981936984
-0.142375072107 0.242370504617
-0.868223432715 0.0401657633163
-0.892069886914 -0.0959025957883
0.693942713686 -0.52619668423
0.82514541399 0.558770465475
0.675284745837 0.62789232558
0.658177509842 -0.52686991763
0.148382895644 0.75926929553
-0.566315837267 -0.6238918831
0.34465308918 0.724150624759
-0.604257923011 0.645650894447
0.536992639079 0.116113866545
0.985155256715 -0.138873247174
0.120670298941 0.21163572884
0.349565893394 -0.39641905758
-0.395379512966 0.71205941105
0.489337826621 -0.844185632689
-0.119509742209 0.733023437002
-0.459583024199 0.304070126786
-0.980887838932 0.144301888327
0.952759958061 0.288734405396
0.143615562854 -0.361365541067
0.612149139157 -0.232393322523
-0.753960823327 -0.136347270284
-0.666790167084 -0.434938790437
-0.241268989283 -0.0122010534731
-0.375696185114 0.763195261947
-0.401535048128 0.899035951584
0.445604650545 0.558973061702
0.261625063199 0.389690207101
-0.773175948818 0.3931760764
0.0037459154822 0.888996461048
0.563874203572 -0.502629937559
-0.651749630353 -0.417830457602
0.609201212426 0.640465925226
0.781428131367 -0.268193119092
-0.505066977929 0.629675599496
-0.644387316581 0.522602413415
0.886110467426 0.391190165593
-0.503661627712 -0.758066953672
0.622582656162 -0.334053871903
0.892060482587 -0.364355034242
0.0215957536327 0.699342210212
-0.640055177522 -0.280602923093
0.674040847867 -0.677090594857
0.868890784535 -0.237847718382
-0.343193361321 -0.696499143904
0.484482823668 -0.0397948491638
-0.34691949413 -0.248853739609
-0.835029526078 0.136663831955
-0.0671201534782 -0.29256113345
0.0946544387604 -0.927770732383
0.00639938561765 0.971299618326
-0.505797133893 -0.8517378935
0.936157406807 -0.213802647497
-0.418346393478 0.848918288308
0.429738050442 0.858247910081
-0.30375052242 0.443787036531
-0.100281000352 -0.11761806875
0.0999554872315 0.994213835511
0.630865807012 0.579414486747
-0.622911684383 -0.779113986215
-0.975336007572 0.132325900251
0.302624795507 0.0238855661329
0.674162610331 -0.710103008942
-0.246477962983 -0.113364524778
-0.96726979312 0.0203613897388
-0.743195997408 0.611828163107
0.279355547478 -0.894614938695
0.930432562249 -0.0586903089066
0.553898120566 0.105315783793
-0.280450004499 -0.370715086354
-0.521761222694 0.153547351438
0.912252351513 -0.274013730973
0.0678426801311 0.817369814305
-0.975491396253 0.0189619149904
-0.212586626721 0.690810516575
0.122975484866 0.923092712811
-0.642813042832 0.104890298674
0.452400716707 -0.744463481507
-0.389571429854 -0.155207764507
0.461381643545 0.787425905979
-0.860441906565 0.158222018025
0.290064198987 -0.0869714602103
-0.674643086817 0.460032553174
0.0816186362211 -0.802307948825
0.16230309909 0.237809553481
-0.692351806927 -0.319924274985
-0.0669080745938 -0.030840274322
0.391465651632 -0.460725810301
-0.0811619092836 -0.634330767316
0.293795638339 -0.524586822361
0.00232827784368 -0.927237869582
-0.665752112103 -0.372498941513
0.324994661737 0.739472312077
0.0469524852532 0.317445755263
0.538015447488 0.550672292203
-0.305013903417 0.160011667225
0.334338543569 0.138626374875
0.506399152381 0.347690484545
0.81174477788 0.508497270831
-0.602857560438 -0.044091245239
-0.660704254071 0.177574509517
-0.168399693318 -0.302751018227
0.955663952441 0.102325506371
-0.327176520906 0.350271272883
-0.482003944451 -0.736999276257
0.235031522945 0.62919773833
0.563747095643 -0.484698956531
-0.30171764066 -0.0082588879494
0.285408476208 0.736753966558
-0.821867895956 0.300289872141
-0.968793417923 -0.230431702499
0.610277653278 -0.568330432176
0.126449097341 -0.756731817281
0.868713916226 0.26658804472
-0.238921032155 -0.42333817735
-0.23374504841 -0.181232480425
-0.398367223456 0.559184972324
0.76604880483 0.469129441451
0.334968085812 0.716977912422
-0.263554037648 0.47109442779
-0.634353751475 -0.284948795783
0.832009668224 0.341121644752
0.160736142618 0.498305124795
0.77561752451 -0.450732792143
0.698941822642 -0.259040094558
-0.119463810151 0.818054421057
0.373521841031 -0.845738484046
-0.615979179422 -0.568362141956
-0.0168522975138 -0.174927823311
0.333695962119 -0.873930163302
-0.922961502968 0.219869842673
0.390652741264 0.397017227012
-0.779918596644 0.599316248847
-0.734601543178 -0.000188662201388
0.549170349082 -0.563885511086
-0.783160120377 0.0721876236381
0.342380664563 -0.366224654518
0.757766755672 -0.500508275634
0.883853188489 0.30118264849
-0.325020776795 0.32401811039
-0.457419160647 -0.598030877905
-0.459052587149 0.498400249118
0.327145172933 0.931970268777
-0.812227194178 -0.141056258485
0.818301456336 0.0418114675135
-0.852306524134 0.509034692144
0.210862421388 0.41055083011
-0.789213196407 -0.403451960527
-0.83806460879 -0.261833589537
-0.0660188096695 0.338087042236
-0.42542087302 -0.851528685198
0.815833547199 0.35903461495
-0.746667441252 0.0315387965365
-0.882712422149 0.29843993166
-0.769098924604 -0.241422173637
0.574262577354 0.812339664669
0.828712272663 -0.172836398852
-0.920909692215 -0.335680205904
0.671321133002 -0.335573178048
0.96035237354 -0.238882416752
0.138187912633 -0.31022637423
0.485096343255 0.106551559893
-0.983566726569 0.162162610533
0.970894363619 0.0102792805296
0.291120264016 0.861220892806
-0.487431486216 -0.121014558928
0.776218465991 0.60405690917
-0.128938692196 -0.393949820894
-0.45054485925 0.53751533946
0.931738782201 0.329546709373
0.292922280498 -0.0714414130373
0.333313791768 -0.336260743598
-0.46823776274 0.779234989218
0.582113725111 -0.40486580876
-0.202317541022 0.312594225829
0.774865850079 0.0717742062606
0.28002674662 0.85640560944
-0.503710947321 0.665689486782
-0.745985316529 -0.36987476465
0.314111958383 -0.864159990178
0.641492355686 0.549303696914
-0.374839687405 0.446505431291
-0.694943001357 -0.109137089477
-0.90936704338 -0.0167555927941
0.867691731778 -0.0167245060035
0.767830815997 -0.431200065527
0.367011731277 0.800704756062
0.226618678172 -0.24122161668
0.153799562681 -0.908476472041
0.823223508839 -0.228891420664
0.385188997946 0.757031804231
0.292250794749 -0.0185007426497
0.571812095227 0.265430075798
0.829875082454 0.0231309406197
-0.238826781863 -0.332582275779
0.527392885796 -0.211748492228
-0.274261036435 -0.920658504278
0.298835848598 0.502150281235
-0.540396720391 -0.53040192844
-0.884482220632 -0.466015671304
-0.410513274494 -0.872437371151
-0.715991279876 -0.217769645917
-0.287138769373 -0.325596898269
-0.220118953003 0.320591499394
0.437184828843 0.299975304699
-0.368274988589 -0.198446613914
0.1334542662 -0.20694551678
0.452605264039 0.0263058461212
-0.897130069382 -0.101988540514
-0.223824934205 -0.343997531282
0.262162769813 -0.356660315321
-0.11776064548 0.152875642236
0.898318333038 -0.381618970324
0.457334415957 -0.101304055607
0.554409178751 -0.627559425638
-0.141281578358 0.123780560204
-0.415044836452 0.30676069138
0.996983510404 -0.0330987677707
0.136732375679 -0.135419474179
-0.895896234781 0.0413143702593
-0.945463540626 0.301815199631
0.790743681571 -0.329567422887
0.53136027206 0.342677941247
-0.320990878038 0.20438751926
0.14033583617 -0.134953127956
0.325634673557 0.0942460290782
0.154583407905 0.268426335539
0.131409801009 0.503531454459
0.51187229122 0.117685862933
0.508550872204 -0.277332577273
0.101597670997 -0.233783704603
0.0607451072035 -0.465851863955
0.0719358525771 0.673294773616
-0.246664561612 -0.475789553869
-0.632980562365 -0.623830029822
0.758686984095 0.600811052275
-0.948061018165 -0.0686783432181
-0.174088583195 -0.127453671668
-0.300894338729 0.581241795073
-0.907009884436 -0.353139323043
-0.534444122345 -0.0294373269741
0.0742032762237 -0.43735429916
0.908512021959 0.38354815874
0.754787197627 -0.0361465627162
0.0282398423761 -0.855191937089
0.877797420388 -0.288642205963
-0.557419081822 -0.260145447073
0.670911212432 -0.253247888816
0.256732680321 0.873876077729
-0.353465803543 -0.634747718918
-0.270350021611 0.0889968307321
-0.59015318411 -0.639008499338
0.000895565280062 0.504972950906
-0.758072222538 0.110551269742
0.804651372335 0.0098755343421
-0.13261518517 0.619309748708
0.437548547127 -0.271211617513
0.358203434577 -0.868209633179
0.805079255232 -0.41315181823
0.763926054707 -0.174356090545
0.26745574978 0.0420916726945
-0.601609996237 -0.186715676158
0.443470911239 -0.541473627124
0.2475843071 0.318144767679
-0.452709014712 -0.719872164413
0.163093532548 0.679322207786
0.259591531651 -0.211271408267
0.355551063652 0.606768477117
-0.0522909468744 -0.506795252091
0.555629521297 0.62313266336
0.315976861445 -0.41689339163
-0.863463640896 -0.314670759963
-0.809575310502 -0.135454967591
-0.742359580771 0.444491015587
0.279625058647 0.659079973288
-0.851469896519 0.177077373084
-0.0869766555859 -0.0579495218189
-0.973369710508 -0.20825404504
0.930575645033 0.295396234682
0.870401216168 -0.257501220097
-0.535936566262 -0.403719960155
-0.918299519087 0.177294522738
-0.38343378412 0.422658642597
0.481033679838 -0.59866323163
0.788720535432 0.211581872422
0.63288572079 -0.340833307054
-0.981848689148 -0.133411290116
-0.298251817426 0.363538145572
0.252681257508 -0.227595814003
-0.073381050749 -0.25902181114
0.691519708456 0.503130366709
0.154016556255 -0.601709173454
0.905126914992 0.134517057175
-0.561257054399 -0.677506045068
-0.70158853067 0.162303510469
-0.355793336486 0.313038351424
-0.878331894593 0.204423830789
-0.317029573464 0.102704992173
0.965908706028 0.185876850658
-0.140805258142 -0.915051085696
-0.965082014782 -0.16513008548
0.749690278893 -0.178293691006
0.612753264423 -0.535412362208
-0.788056195203 -0.00806261115526
0.687000969782 -0.0565998973047
-0.0665320624099 0.726161415992
0.872672474793 -0.00925370445517
-0.849464581742 0.45286693889
-0.600339026192 0.661052089072
-0.193990391949 0.859599029235
-0.0395927717957 -0.501943277187
-0.989393180048 0.131255456226
-0.46561970226 0.313008542359
-0.822342083046 -0.322979113516
0.30632347834 -0.941090036555
0.643441200063 -0.651778771982
0.914465057653 -0.0738250499191
0.698640499855 -0.391543924579
-0.841528594273 -0.424184895236
0.80248645 0.574882909626
0.224700362059 0.515290007131
0.241721247985 0.146309952693
0.913599054047 0.356853803511
0.731574667309 -0.612487154991
0.933468047988 0.0929026456115
0.569881753257 -0.681713708193
0.442425048018 0.725152284781
-0.0924913960109 -0.0238881975395
0.14939225729 0.626263628255
-0.361885409845 0.398712158411
0.213638362917 -0.786310789954
-0.187169791656 0.84576408242
0.602958818699 0.757709240772
-0.298178018872 0.0956983567895
-0.0264879111195 -0.113137708721
-0.97384200763 -0.206630129023
0.284895729349 -0.954620602665
0.188733380794 -0.300236636164
-0.50954442763 -0.467556692167
-0.548998713158 -0.524385492595
0.255193109865 0.0148712084897
-0.787680146404 0.084390903351
0.0534048181386 -0.418496927514
0.0349106221463 -0.171699009385
-0.206490994748 -0.480642812983
-0.964526991934 -0.0869221070264
0.320231885668 -0.34067718616
0.0354754964257 0.618859331143
-0.0200859533901 -0.948749224974
-0.111962402103 0.343437137047
0.324347724452 0.462280796636
-0.436417122327 -0.653570326968
-0.150938051105 0.611612967512
-0.047124977338 0.118735065501
-0.477948224513 0.605073066587
0.205101927917 -0.192759811586
0.357977332764 -0.0146501017199
-0.0594854270581 -0.655030686765
0.931211012846 -0.0952806970343
-0.174605801408 0.876017616263
-0.848409538474 0.520859663543
0.978361665566 -0.191127008507
-0.460883486692 -0.792116169997
0.28173999334 0.468165165177
0.807251913498 0.376895888864
0.204025175796 -0.0307258715231
0.950678279526 0.249357436466
0.936525967737 0.274338031236
0.113765256906 -0.880790463075
-0.584158624078 -0.121954276621
-0.858841668316 -0.180707317222
0.738074490813 -0.151425176721
0.410870541298 0.834821236484
0.844021808336 -0.221464540557
-0.660820750693 -0.453603343476
-0.905491552948 0.364003255099
0.344712711664 -0.44386322
0.566015994028 -0.479374101656
-0.496522710006 0.779544834455
-0.26465611977 0.800776172971
0.81233315528 0.1442345114
0.682235301131 0.110977176152
0.624041877748 -0.666593339896
0.105315964957 -0.0303929625179
-0.868458544251 0.0888583415953
-0.998986431803 0.0362436874633
-0.497552440514 -0.556183306982
0.427491317065 0.417733374737
0.655913182201 -0.558064099633
0.339597407269 -0.641013918692
0.566151205337 0.325647975927
0.407971557383 0.587221411836
-0.986726909941 -0.060055304473
0.340662918377 -0.762195620933
0.357133104351 0.438610590808
0.988078258904 -0.131316570269
-0.924004812224 0.204938311865
0.43111210644 0.279556485308
-0.234143685342 -0.742995107525
0.717949215856 -0.443395879794
-0.610039449916 0.473862375871
-0.571419577839 0.154100457431
-0.671179100659 0.496743781699
0.933402799331 -0.20670103749
-0.23027698653 0.785533512451
0.945617874667 -0.188506710456
-0.547860515291 0.568449133683
0.955235290029 -0.234372179096
0.0707466033928 -0.358805471096
-0.730690532476 0.0218896277105
-0.343501328204 0.494062780176
0.539899272609 -0.0341048326861
-0.826321959747 -0.323541734465
-0.0305025425075 -0.969100392288
-0.0510942129008 -0.367622779235
-0.900566242813 0.0289148275866
-0.496574618413 0.666688570039
0.0198828377876 -0.468375837682
0.668649726725 0.187778450339
0.383191246418 -0.696109692522
-0.929520384148 -0.252968308118
-0.396559130468 -0.74931528249
0.612330043143 0.592628164364
0.571494521376 0.776580408266
-0.605282625097 -0.518092400344
0.711433507733 -0.328073368596
0.714210084626 0.116283194878
0.783345374792 0.272822395491
-0.472108135021 -0.178965734906
0.522892240397 0.340307654897
-0.749626526615 0.226226532408
0.102780478904 -0.0817178374104
-0.947876063523 -0.0583150123139
0.602296935239 0.763530654421
0.0861461151327 -0.423041196265
0.139522799695 0.155255039547
0.433284295961 0.259733243195
0.414077406275 0.365474909209
0.805847951168 0.537077014875
0.125614482459 0.862174765036
-0.224116558157 0.946485587059
-0.833177577439 -0.375188253425
0.537045913584 -0.121640218172
-0.193297032783 0.107820383693
-0.549744829282 0.568054624573
-0.643414571466 -0.54811031485
0.0191188407882 -0.69493257304
-0.511070577333 -0.28636179418
-0.294959558427 0.111008649921
0.979429561028 -0.00928717516693
0.739991216835 0.23537049874
0.0405756399691 0.105697845678
-0.676735327018 0.31726608259
0.786497289143 0.106621894769
0.217300228407 -0.412303852614
0.647288247635 0.297063991396
0.63099780368 0.726470044176
-0.8031377472 -0.595470398233
0.311792521634 -0.10086599557
0.239051667251 -0.784545117683
0.0583237863177 -0.992763658815
-0.422218012351 -0.454707720739
0.0847787405159 0.709392438977
-0.860297662928 -0.466039137736
0.631689840924 -0.325522611775
0.821059427012 -0.250404071558
-0.558930858054 -0.0229308811554
0.179525451695 0.908233041794
-0.668668469883 0.154290539343
0.191076478776 -0.926699306392
-0.934855314069 -0.267811166663
-0.644273529723 -0.73597465817
0.602768843725 -0.0468933782498
-0.890056344474 -0.0218368189897
0.171659371035 -0.21114059419
0.0328965299835 0.675389355249
-0.984033422263 0.0769294743921
0.320568404025 -0.181025220214
0.423164315646 -0.450651572111
0.651608923412 -0.680464062695
0.13791623479 0.127584177039
0.211116543353 -0.51191115422
-1.99004880803 -0.0864845971828
-1.14127686441 -0.0346536464314
-0.661626854622 1.47648556126
1.66174896845 0.476671634088
-1.77118652155 -0.421709463674
1.45168869897 -0.790818885963
-0.961277817099 1.71347530373
-1.54320238864 -0.535862732352
1.88437231195 -0.597140332096
1.11579637519 -0.801826168612
0.137679578978 1.8523506889
-0.20093930739 -1.8859663999
-0.719327993088 -1.51444168615
-0.909934402621 0.520837601994
0.677607823796 1.44560159741
0.693341949629 1.59213942256
1.275679981 -0.690551057931
-1.65759540163 1.11241039837
-0.967625341182 1.42866164774
0.471947661816 1.40310775772
0.264867183124 1.65920331557
-0.88388343726 -0.795038579469
1.92379902926 -0.523797758066
1.20528483223 -0.518872378276
0.516043531576 0.992201336677
0.0412423314752 -1.5838867079
-1.76599153337 0.0351363630159
1.11423113999 -1.0728668818
-0.311525488809 -1.37360652127
-1.5663776662 -1.15448447875
0.865513271137 -1.7286905976
-1.41078478723 0.512377125762
-1.70840588183 0.118223267705
-1.40719784104 0.66796121371
-0.889767768074 1.23905054124
-0.046923460542 1.70939943957
0.550532135556 -1.16926656919
-1.49998436757 0.283382602537
-0.310300327428 -1.45375558511
0.67375971318 1.43237490249
0.323597723899 -1.37608118594
-0.458106035257 -1.54452803208
-1.33115931113 0.680422253136
1.06949688993 0.909133371517
0.138315485671 1.20691250969
-1.09277865788 1.18957719974
0.880211352421 -1.02564742403
1.89336728537 0.483173322717
-1.94102314408 0.43797430198
1.19622660652 -1.22628180023
1.86037066307 0.658697089401
-1.0640080123 -0.312667149904
-1.20509250314 -0.913035786933
0.357616735473 -1.13386231271
-0.712830067546 1.18786735097
1.18025769072 1.58173204162
0.0471024455574 1.5719341136
-0.327500942406 1.41402370523
1.65201494645 -0.84080980583
1.93769264355 -0.25699234247
-0.700750565307 -1.27927428973
0.895632423188 -1.59125068961
-1.00265130373 -1.22527035163
0.567119307979 1.21570899527
-0.00200465854399 -1.0371408207
1.12434180089 -0.273969796089
-0.161194756929 -1.00276528354
-1.27001840674 -1.25232005085
-0.238519487681 1.62175588086
-1.74798354961 0.850987435343
1.62520454645 1.16160069504
0.024555365582 -1.04712605842
-0.768439387965 -1.62150435474
-0.961513545568 1.42478632195
-1.32110970762 0.30369135027
0.262413305462 1.62269465651
-1.98123779312 0.130124504581
-0.155872233766 1.14666110502
1.32807794533 -0.948260422116
0.824808748329 1.17454831866
-0.00143082131375 1.78034676384
1.67651844386 -0.492077152258
-1.27509299814 -0.462361536256
0.697126648091 -1.19412587372
1.59847031534 -0.00678332061425
0.896268169852 -0.784059205431
1.53780182623 0.406490440861
-1.96264776874 -0.369442012449
-1.0365384872 1.56549449282
1.24178704422 -0.390856833705
1.12810319929 -0.193782919285
-1.55826730452 0.501151735165
0.769332594663 -1.48242321122
0.0505428929203 -1.06442513043
1.52795542825 0.814273953081
1.48632247435 -0.567359559584
0.566745927809 -1.02773192595
0.572884625032 1.65540239517
-0.275522161895 1.36804927092
1.65809364065 0.58691354374
-1.84843136857 -0.404224272801
-1.81043848411 -0.00191415004533
1.99967668575 -0.00497536227371
0.82759055819 1.81846928044
-0.125342984701 1.28847787822
-0.348853600869 1.4606117474
1.31756699566 -1.10007871223
1.17750868981 0.912007318296
-0.422382499143 1.22669719404
0.831183936026 1.1402110571
-1.36094229009 1.15821373021
1.34824929985 0.290364530588
0.914503521501 -1.59322576971
-0.601962414319 -1.58848313825
0.781041607063 -1.69393168507
-0.310185697416 1.26951618572
1.99712628491 0.00446166727405
0.70285234958 1.05542925852
1.44753932395 -1.087762345
1.3255515643 0.518197532561
1.15880304401 0.85654588127
-0.303916458737 1.53143729125
0.15627104055 1.04697144291
1.33663246789 0.570097792161
0.257097785509 1.81506139195
-0.745325031365 -0.90159731567
-1.31944785319 -0.867750500072
0.281900045132 -1.62729493643
-1.91150732778 0.541354957817
0.100782019952 1.00593279847
-1.9926687871 -0.0712345677386
-1.71271608958 0.63300444455
1.5990789991 0.95822353902
1.04254970882 0.523910775264
0.20079791496 -1.85939187597
-0.970400808665 -1.6875654347
0.803373091686 1.3421308047
0.670506417293 1.45080128999
1.77908409327 0.820310848796
1.06915321439 1.53511145031
-0.321887472447 -1.21135044816
-1.07170941299 0.359992488528
-1.56941004705 0.768892784752
-0.682028384262 1.330205017
-0.578002014746 1.25442778743
-0.481581910777 -1.92465732034
0.443941383371 1.12421421838
-0.611880235236 -1.11725254022
0.828695196469 0.826487635485
-1.45232333161 1.23445962982
0.813194801786 -1.36475729098
-0.513834001779 -1.58381171395
-1.23124829476 -0.065592062787
-0.888333648967 -1.56232362523
-0.317573879954 -1.11607884252
0.964968559441 -1.47578260513
0.633408318738 -0.967675742265
1.47934615006 -0.544277921534
1.97616159424 0.0124257766609
0.758762815994 -1.48588181275
0.329620337426 1.83940644689
1.2175999049 1.30134891604
0.225810527383 1.495647025
1.10314178261 -0.236107780353
-1.91761796876 0.501700849926
-1.85964100169 -0.589369218581
-0.10880402785 -1.71560559156
0.922056463183 -0.71999349915
-0.396468245225 0.997255236983
-1.17411032914 0.750506069985
0.592109810252 -1.25844990782
-0.153915144555 -1.22982639324
-0.753758826734 1.57588709786
0.876614631962 1.65144445273
-0.663316301911 -1.54036685756
1.72669717452 -0.163768548502
1.10134090235 -1.32845991755
1.81714180672 -0.134399063673
-1.70976282766 0.530551352009
-1.3238700834 -0.934969642008
-1.19417429443 1.28988009368
-1.97930161108 -0.216728628953
-1.50380079411 0.391400410594
-0.420692220201 -1.19525111868
1.31816415611 0.331680703581
1.43942998884 0.571408614484
1.83394367225 0.474857218698
0.00703330468458 1.12510786547
1.24116552023 0.12496993917
0.0491479690712 -1.65542305802
1.80647428875 -0.150866649401
1.08015311046 -0.570506634639
-0.0297708703689 -1.18002280654
0.131984735904 1.5831560267
-0.960648970556 -0.722904487562
0.219936858462 1.11963804911
1.52954703521 1.19741599869
-1.50386827352 -0.419196415802
1.21364000344 0.842386119496
-0.203342862804 1.35475483807
0.311706613111 1.32383637441
-1.3837643224 -1.00109725897
0.471347826729 -1.05858399056
-1.41136100261 1.37850419673
-1.06090840274 0.53655940181
-0.828862727403 0.907399813264
-1.81709498366 0.60979728801
0.515583467269 -1.74383215632
-0.51113091866 1.39970298738
-1.38975938919 -0.0860184055701
-0.68519919461 -1.25610755478
1.88392052411 0.110661400451
-1.78533602891 -0.346293952636
0.212603007839 -1.81043102312
1.91167081123 -0.517130104837
-0.594658589241 -1.48292215501
-1.71235507535 -0.896683953836
-1.10804817931 -0.908123856056
0.150956992799 -1.28965095037
0.671844656659 0.759745462478
1.94340103851 -0.0552453320081
0.629860458366 -0.888100386487
-1.46400282319 -0.785373000484
-1.93560519291 -0.478303069163
-1.30810466382 0.14535328822
0.289149751364 1.34639879683
1.19286670263 -0.821085527148
-1.56772965965 -0.111258681335
0.148389641671 -1.30828939
0.848922728728 1.04839814716
-1.14089400317 -0.118442399233
-0.037904202061 -1.7376150711
0.00435031014639 -1.3704304579
-0.759784536709 1.14492561347
-0.332250437631 1.74795650074
-0.155076509299 -1.35353114106
-0.534258754408 1.69412642274
1.56073602177 -0.562383846884
1.78440308175 0.752637574692
-0.771276949763 1.642488979
-0.0288052209984 1.96475815046
-0.366988918442 1.10038343368
1.09129368864 1.59742801443
1.27231491056 0.624072908051
1.60676583763 0.726025998344
1.49247710742 -1.03027589388
-0.663661734654 -1.63980168469
-1.46138186011 -1.09368929064
1.3313688725 -0.339123527705
0.803756380696 0.7077219054
-1.74023312006 0.721403347641
-0.816017202042 -0.869650015246
1.53428271149 -0.858508197399
-0.702645497732 -1.081304298
-1.94387748559 0.383638555784
1.29377124368 -1.14364524938
-1.30256298506 0.230668019333
0.760744521048 -1.05803592111
1.6784208839 -0.0394167891307
1.30491893198 -0.834921474085
-1.45249235141 0.15488137587
1.15281921719 -1.6280229676
-1.9247143189 0.315410066986
-1.7709653517 0.146771091519
1.41741815303 1.26772976328
-1.41372147395 0.798348022509
-1.13126924949 1.58584395014
-0.907828411518 -0.557280229865
-0.660944284109 1.24710419173
-1.96352485352 -0.251802173528
-0.671652865287 -1.34845997126
0.32718804178 -0.945058090947
-1.28866853478 0.779397158433
0.879835972305 -0.503408190284
-1.98403322648 -0.076094889005
-1.26898153575 0.36722084748
-0.354444481876 -1.85575324378
-0.346162639314 -1.12245256119
-1.97896228483 -0.158601502161
1.63713972978 -0.315575801004
-0.745188727437 1.29939048069
-0.893587310069 1.50368972526
0.556047104544 -1.33965112273
-0.952988760933 -1.6391975452
1.11064755569 -0.0184648637849
-1.54188159592 -0.305179568787
1.28437924516 1.33177790294
1.18261487234 0.301728257871
0.658633994805 -1.05281797287
0.04287301007 1.46636502626
-0.515513279259 0.904879988678
-0.185668783948 -1.4340685466
-0.797924784199 0.894437149637
0.858452870604 -1.00824990962
1.47480055282 1.14166305402
-0.451334921821 0.98189131383
-1.26267289179 -0.99376817521
-0.0216075157896 -1.99394429481
-0.571028479356 1.70735851851
-1.68097535198 0.729684025678
1.58162282362 0.354345229294
-1.85067677112 -0.477402495357
-0.407279853472 1.60906869684
1.6411672514 -0.209229540937
-0.0773138208844 -1.12978410955
1.27746998431 0.999286659107
1.60999321323 -1.07760167031
0.39375853618 -1.25458330844
1.24006427153 -0.407963387349
0.262803887758 0.96584102607
1.07348691509 -1.05362961578
-1.40344924204 1.07186396143
-1.51237998773 0.455947961472
-1.26522205662 0.263378928709
-1.16069820892 0.783869490573
-0.0261564308664 1.86764200666
-1.27764298447 0.911379559647
1.20092727415 -0.677753479974
1.4942516851 1.2138645771
-0.955112990943 1.52672045742
0.130725570463 1.34671547688
-0.909780493861 0.439772590283
0.659078456587 -1.63567662056
-1.42244748797 1.03059405821
1.7538709857 0.395504190021
-1.14687566471 -1.10872928099
-1.63075444731 0.207923656875
1.15000691287 0.574100842798
-0.0368436080233 1.61807942516
-0.650047868582 1.57103423687
0.92293208882 1.44181989711
-1.20547953127 -0.743750412921
-1.33471273935 -1.27415754546
-0.539340496741 -1.05128690449
0.41495593557 -1.64053132711
-0.576565711018 -1.20155020631
-1.84548557921 0.00424129325351
0.994254681039 0.656772687905
-1.03278427336 0.249628287966
1.18837932418 1.2834945144
-0.217958326074 -1.53184883463
-1.65514705434 -0.00658427765247
1.14000029385 1.06200352441
0.444926964023 -1.67365706317
-0.916772618037 0.83252300426
-0.924034707946 1.66167301117
-0.898788790007 -1.50969232108
1.07914506607 1.23969987277
-0.527187925704 1.61238108386
0.491697167695 -1.43979022317
-1.55750671124 0.262111504797
0.975753703149 0.703483775701
-0.774180953317 -1.08234998872
-0.391080791348 1.06260197237
0.87261403858 0.868828830627
1.26544796009 0.912307632334
-1.3768514727 0.783837015399
-1.67642336396 0.786761814552
1.11436490331 0.680518486551
0.476537001859 -1.63822534152
-1.69959905638 -0.752411159782
1.27817471578 -0.789279147869
0.773911051238 -1.66812640007
-0.333697931346 1.50540724052
-1.54598133724 0.552263825005
-0.971718092272 1.33094157869
-0.585174652843 0.930629132527
-0.25260067864 -1.59868179249
-0.796246454258 1.18844170225
-1.13656953353 0.269294256519
1.40560180429 0.446681298597
-0.840748720868 1.28035609616
1.76538090858 -0.492615414287
-1.34811293803 0.0224319046734
-1.08941018677 -0.581744224987
-0.980235967081 1.24917825423
0.376059840396 1.03540738178
1.05444538936 1.36393449078
0.883694632088 -1.58267792125
1.91811306065 -0.168375016524
-1.63739747777 -1.13846225847
-1.82312652322 -0.0804600775818
-0.141043615189 1.61370940165
0.591776784644 -1.08090613915
-0.777806101702 1.66500979192
-0.640426984263 1.50294488672
-1.28175399239 1.4054277879
-1.2595254914 1.49430013425
-1.95999022817 -0.395982266272
-0.0524881472404 -1.20408252666
-1.20840991888 0.240276799494
0.0917934152113 -1.22120987043
-0.640823749974 -1.16867870711
-0.260955298516 1.69255075871
0.794212787815 1.2565868045
-1.03197742505 1.64662400688
-0.811329184686 1.50101878114
1.35083355629 -0.0533623274049
1.59985416925 -0.952270830579
-1.18009104722 -0.136316482039
-1.85524952711 -0.660751762509
1.90952419665 0.0315744764695
-0.124010386902 -1.8813268794
1.72092186734 0.772438224478
1.82411353335 0.089381482869
1.07712396292 -0.445334019487
0.792395313581 -1.330957729
-0.978021883137 0.641794100735
1.37367232327 -1.01365383872
-0.893306231121 -1.42378014549
0.293040473111 -1.58415810062
-0.828686242203 -0.969994502016
-1.24121988432 -1.12265520596
-1.47054828128 0.457132408494
-0.467307663168 -1.21786357391
-1.41083947472 -0.237797567681
-1.58252192817 -0.293882878935
-0.210468239498 1.50734599201
1.81492238586 -0.493304341077
1.59784432047 -0.477835834968
-1.69493763092 0.887001656428
0.889282532037 0.99402352437
0.407257543104 -1.85471801615
0.517682960733 0.929919447428
1.35485364532 1.37231465128
1.90871579542 -0.24778130258
-1.77832845672 0.492246258547
-0.418211520595 -0.908757426309
0.266442183762 1.67427031025
-0.662182785848 1.74967587035
-0.308278842934 -1.92137176191
1.29446731272 0.266499789352
0.0123050717842 1.21525081389
-0.832701368065 -0.708046387013
1.05780319957 0.451823704566
1.56062208063 -0.673355308401
-1.63530782945 0.669985588262
1.31144513874 0.615513913209
0.951341783189 -1.68293479346
-1.41052536925 -0.894372837843
-1.6640951631 0.628873473513
-1.51711466752 0.396946910986
-1.31933041807 1.03697655117
-1.63472257215 1.10639651943
1.47412216394 -0.343816202392
0.417247358769 -1.82234293642
-0.581468765837 -1.80951183189
0.668493738856 -1.80600526618
0.455695703508 -1.01687455632
1.86311495735 -0.289685220944
-0.808871576029 -0.812836238382
-0.272346013561 -1.22465179134
1.53162050299 0.00404877016269
1.77012723426 -0.545487816768
0.480074570421 -1.03374173674
-0.408099169432 1.77250549957
-1.1079526833 -0.625469601184
1.0582853949 0.358472200769
1.38900010143 -1.28118560923
-0.472970773728 0.930817276323
-0.768407581133 -1.28298388406
1.50946026423 0.593631323175
0.130825448228 -1.51583106199
-0.691068559498 1.04844851364
-1.58074135226 1.10234024657
-1.26396416142 1.46518860945
-1.63716389081 -0.976576898513
1.48417501014 -0.309768505183
-0.0762426246991 1.18769477562
1.44901816999 0.611591221256
1.91318693939 -0.0874829999426
1.86867397919 -0.660102816135
1.7704946256 -0.360804477632
-0.193623703325 -1.98157605831
-0.308260511651 -0.990445001553
0.813769533465 0.872542120656
-1.43431530342 0.16187545886
-0.0505448241176 1.06929028354
-0.0890388329516 -1.97108375309
0.331042580583 1.22241040335
-0.437829570907 1.73453419078
1.27794799141 -0.371277825416
-0.901896324938 -1.20876662563
0.0800386782348 1.35616459921
-0.637405351707 -1.05286609705
-0.00415735194136 1.19204532589
0.686240755285 -1.01054066366
-1.12290803334 -0.676467743382
1.48992199372 0.760075732318
1.16503216406 0.586022874607
-0.239941209045 -1.10641044307
-0.170236858337 1.46285894226
-1.17791427241 -1.11033071703
-1.36034893175 -1.28408474098
-0.785760460548 -0.862011654167
0.676871549713 1.26620728702
0.431594152466 1.67989727606
1.68747528719 0.575005219742
-1.81877228144 0.434904268982
-1.22516693 0.830940737357
-1.67931930544 0.201162022888
0.397038620381 1.31728924965
0.597838220365 1.27556446826
1.44947640853 0.281911310401
0.1756642446 1.33623849847
1.9519466881 -0.248283979772
1.01295345918 -0.435257793939
-0.893161445741 0.709150514219
1.36273673745 -0.237838885304
-1.05265453333 -0.223640464411
-1.34126986391 1.23629705594
1.15068497791 0.190976870359
1.9699012911 -0.22564322637
-0.636925993677 -1.28842807631
-1.877717952 -0.00787857714221
1.17241386965 1.01390174136
-1.44749761565 -0.602526087195
0.895532927061 -0.628870580183
-0.27317279345 -1.43669182404
0.598115496149 1.37947448921
-0.325924755958 0.99475532849
-0.467017686294 1.06887952428
0.536788947572 -1.121417392
-1.58349153333 -0.109595263236
-0.0634514251125 1.93758776142
-1.54371181136 1.07412461478
-0.643995538901 1.69857584497
1.98957313777 -0.111803699809
0.987858038716 0.537391965791
1.63008368785 0.890578033799
-1.68071020685 0.757906429729
-0.0712213589199 1.7667531436
0.658227387865 1.39931275694
1.3763701207 0.158882725654
-1.35120399433 -1.13566655072
-0.406203331695 -1.36876693716
1.70603310364 0.289493831563
-1.30711336328 -1.48069217836
1.73629204138 0.383376432211
1.07325042366 -1.47312995229
-1.01307175409 -0.226913031906
-1.90785396278 -0.484450235548
-1.48360726607 0.565732549117
0.821697914166 1.19209391423
-1.82330958987 -0.704515111314
1.39130510088 -0.588078202619
-0.242803609219 1.93697347916
1.48544818478 -0.374842964775
-1.36591918668 -1.37248613708
-0.739415604532 1.27201628248
0.462324668726 1.59872029029
0.790170761152 1.01248944842
-0.657587516113 -1.58145867503
-0.536900622095 -1.56530221867
0.427518160957 -0.90948699026
1.58875446657 0.626322439869
-0.542666094387 1.11019675458
0.0601576642343 -1.21371818996
-0.720002913034 -1.54762595812
-0.388075917783 -1.37667295921
0.560399352122 -1.16288945853
-1.90714493676 -0.14246034852
-0.250136685967 1.64193322773
1.2480683594 -0.944257512992
0.624839068431 -1.27094632751
-0.987774879896 1.38842166957
0.214772563157 0.978241133139
-0.707610767189 -1.78308423088
1.77300854402 0.624612223473
1.75113962883 0.268733766957
-0.0598647400811 -1.7786247806
-0.0319576935391 -1.50329963477
0.143172854986 -1.71553032167
-1.18806476627 -0.42787629448
-1.49435964407 1.07516368043
1.19141355056 1.29070214801
1.80281731717 0.405788383506
-0.923581801426 0.40429299894
-0.306706776194 1.4898676748
1.21956390998 -1.03234002658
-0.783877896502 -1.35391127264
-0.612958513664 -1.63911725927
-1.82340872076 0.186160389731
-1.08855030707 -1.62555179145
0.153893960604 -1.66238778594
0.628624961419 -1.64797620163
-1.21374944993 -1.18763399463
-1.55071888537 0.509767831257
-1.42924568966 -1.17328191282
-1.07664650598 0.679305447754
-1.02376557084 -0.52025914309
-0.107772426704 -1.90732977646
-0.230919727865 0.985033263603
1.65631569453 0.010126684425
1.7007771557 -0.357859428183
0.322256781543 -1.77391066931
-0.710826927728 1.4470353121
-1.14335544282 -0.897532662924
1.12049241671 -0.587352287187
0.919833407292 -1.36212378339
-0.621363384423 -1.43941990359
-0.945714010017 -0.702985483147
-0.334052824685 -1.63464254218
1.11312978457 0.0770826212879
-1.35989959761 -1.12153781708
0.843710679407 1.1864018589
1.46497105266 0.267623164881
-1.65717925814 0.901389195111
-1.93287646203 -0.102219441733
1.74303487577 -0.864076468412
-0.740511354817 0.702071564433
-0.69196593705 0.820206869916
1.6358709438 -0.360668504288
-0.436033502782 -1.86423265983
0.372110498346 1.12542022602
-0.602338355743 -1.08492454533
1.96322855132 -0.0083126411674
1.92103986285 -0.533138378845
1.65544196874 1.08665495597
-1.33868451175 -0.691449721685
0.593933882473 0.853136396558
1.22669002678 1.01461874731
-0.329287741935 -1.07362913039
1.97906176927 -0.127656561106
-1.60850536009 -0.859983804203
-0.0481811509911 1.67392760304
0.967905494377 0.765297222023
-0.982769509358 -1.13589034248
1.67541289753 -0.513787543077
-0.271313301328 0.968948565471
-0.349613341416 -1.0587340468
0.431914471069 1.36815846547
-0.185271480297 1.82133221921
-0.95201675433 1.74847456909
1.37336147282 -0.602042109503
-0.126824203008 -1.53681954069
-0.466893446547 1.35021488073
0.429121941317 1.24260438773
-1.27279766729 0.734147365333
-0.595915281197 1.07579038406
-1.83139346159 -0.473225617143
0.448654022192 1.08905948663
1.21822131498 0.0599519237391
-0.948834297716 1.72287805452
0.345283884162 1.78921808924
1.4628794814 -0.631298536765
1.57031651986 -0.0466446063852
-0.0320394885977 1.34937975042
-0.0905107541283 -1.50723396119
1.85518505551 0.473545603068
1.23828373338 -0.864907542567
0.0857766689541 1.89695406956
0.902534105854 1.12801270089
1.88533348152 -0.0167198750363
0.905754785322 -1.04633069288
1.94296798278 0.203586404814
-1.56380558593 0.621070640502
1.15866025729 1.15684299565
-1.43192380181 -0.242117351357
0.759465852208 1.34918163764
-0.493707783056 -1.75586858861
-0.0548559089682 -1.87221175525
1.12373740053 -1.5780686366
-1.85110667097 -0.0891536573135
-0.180722783947 -1.44176216801
-1.48913572638 0.875066299184
0.884298925157 -0.889553037597
-0.905450748643 -0.937217394208
-1.08230784654 1.20383984275
0.359908546411 1.67397018234
-1.72814561109 -0.155493907002
-1.03034903375 -1.52854078313
0.618391764269 -0.937349087344
0.897875113453 -0.598488658554
0.737052544219 1.14683200762
-0.0513828415723 -1.78570725198
0.945727984776 -0.488008111838
-0.979580129248 -1.61587323219
1.60113943576 -1.06633972821
1.53992844771 -0.780233527866
-1.53902081356 0.766035586599
-1.89319341951 0.458586385063
0.963217260284 0.820651125885
1.98093645216 0.0826157939082
1.46392270928 0.604522965934
-0.904229101031 -0.698407131274
1.68519057944 -0.741664436229
-0.198497072818 -1.82619752969
1.09912810196 0.0980113005863
0.0567107122293 -1.70617878009
1.22893728767 -0.74270245544
0.495745324739 1.05700730286
1.40456371132 1.08110285815
1.82915034731 0.412585888191
0.00864475465772 -1.23658179028
-1.60910731287 0.276768518802
0.356524468062 1.85682533344
0.789080295606 -1.07576706065
-0.367922087941 -1.77329588741
-0.876712455781 -1.62059917019
1.00384043479 -1.52490431933
1.8488843487 -0.480863274779
-0.642943311443 -1.79086589303
0.294509903278 0.956174513696
-1.41127572876 0.210289741953
-0.676038341729 1.71160316545
-1.68325473281 0.673200531661
-1.88913748158 -0.257526250223
0.984199148686 0.942639044336
-1.06674723331 0.523323842923
0.96988094031 -1.2147337027
-0.355731502276 0.994518619312
-1.73665829549 0.750164487419
0.455950435361 1.69587929466
-1.97848445799 -0.155554748011
1.9384366806 -0.241548490016
-0.497664309243 1.74911220781
1.76851203556 0.0621156429301
0.24660207672 1.23566923217
1.60233751471 -0.414964373443
0.935553405697 0.716084941271
-1.3313908298 -0.726330541604
1.64511710157 0.764412484504
-1.08405368888 -1.04724202943
1.0381321887 0.45979607317
0.930687979467 0.881500187171
-0.219016318732 -1.89952789361
-1.04573427555 -1.13909535304
-0.389144034935 1.32265582442
1.64273694911 0.926928954295
1.42088215267 -0.587751708487
-1.54228323323 -0.0879292070585
1.6401071683 0.183744807936
-1.23212402536 0.407329842303
0.950124226892 -1.24017048903
1.20147348609 0.122079263339
-1.4741363056 1.11406983228
-0.100960183839 1.87940261765
0.0406550051931 -1.54694869261
-0.744497929559 -0.976866227013
1.9324068547 -0.368400489852
-1.54392586554 -0.547509688109
1.88804144703 -0.419841009703
1.92178267187 0.0825933177307
-1.96295903476 -0.164454722791
-1.30579505435 1.1058950767
-0.191544591649 -1.11312316236
1.16520247684 0.511103327617
-1.23398934845 -1.15711154205
-1.97584183033 -0.0553007886086
0.47270082608 1.30404329465
0.826118433906 -0.673665070864
0.40695227321 0.960006235272
0.907602931316 -0.422422873144
-0.674093385306 -1.02846788059
-0.54871176508 -0.972179162794
0.630215401514 1.55057347718
0.810795500484 -1.09612371511
-1.58193029824 1.21721742145
-1.80625835426 0.170382371187
1.63428892232 -1.05342434948
-1.8961510471 -0.220851354573
-1.51260130916 -0.495062471828
1.09515183933 -1.48846089426
1.2642413785 0.604060712898
0.949402145143 -1.01332745253
0.648582220743 -1.40720221268
1.93072736117 -0.3682935532
-0.541812895427 -1.03367440265
0.810725569648 -0.705860538118
-1.61049925495 0.202812391095
0.79813372262 1.62156152348
0.512438091415 -1.23105873562
1.51417759986 -1.1146868957
-1.66982068667 0.0510958680295
1.69613449102 0.758879167275
-1.05833315191 0.53294350195
1.58493692296 1.07888175019
-1.69413878037 0.452891187009
1.61401897647 1.06740104154
-0.357538066175 -1.63420128882
1.71281340953 0.811813448244
0.102756123087 -1.38671905962
1.50611999365 0.068285280515
1.21252184329 -0.0297277911466
-0.945152604812 0.81761712769
-0.183364926376 1.97264145748
-0.51924821423 1.59169375099
1.86458682638 0.488120950581
-0.829872848169 1.8181451656
-1.1374322904 -0.988248691293
-1.55260415711 0.625383005563
-0.854873123771 0.703655933704
1.14247921319 -1.19400904479
1.85044023399 -0.0330453984069
-1.15351239522 1.28537268077
0.975595611472 1.74557773215
-0.109214622407 1.0357909878
-1.80999413319 0.549272351023
-0.115558792977 -1.99193720104
-1.0307238461 -1.52308140767
-0.523889578343 -1.10504910315
-0.308430733209 1.24460263281
0.530871994628 1.4266266619
-0.465658543946 -0.963091851451
-0.0723136380201 1.53852886813
-0.655157029429 1.79102605895
-0.570109869634 -1.57706217228
-1.43162013864 -1.18346815646
-0.469495831127 1.80927770247
-0.241703511279 -1.57696323281
1.27006056536 -0.728237897491
0.818414339111 -1.34807883941
0.357340755981 -1.04531256025
0.77212218585 1.04574381493
-0.0322633245159 1.17248217826
1.86673023316 0.455678286874
0.80627491646 1.3043364413
0.938962878879 -1.48441267463
0.858243285056 -0.854652395009
1.65119083612 -0.571458872975
1.82888990234 -0.729185368026
-0.707362267424 -0.771539951084
0.46967858704 1.76175810183
-0.655772023157 -1.16807325403
-1.24958837551 -1.12691532257
1.16488460259 -0.112739583848
0.394767178344 1.05483278154
0.875893719268 -0.919693864744
-1.47846754778 -0.90948447114
-0.59443367361 0.867704042046
-1.40089233347 -0.310196325009
-0.679945894445 0.945277960318
-0.348747717518 1.85585008514
0.414375763812 -1.57339242166
-0.378771146665 1.10699765542
-0.719804741196 1.74376704676
-1.8221490631 -0.397329143571
-0.235261514367 1.49614542791
-0.289841311196 -1.23440617107
1.05563520162 -1.14141294863
0.832104281811 -1.27648698082
-0.883398242892 0.852754442528
1.9527489863 0.178902913299
1.40657050694 0.497739679129
1.58180718234 -0.778495057422
-0.588030917162 -1.09189470189
1.59434443216 0.957323053219
1.78955255731 -0.734302587498
-0.733439544436 -1.23001025959
0.048339103789 -1.51703150384
-0.219805781816 -1.15028217218
-1.07650003425 1.38629136493
-1.56945648617 -1.17763176509
0.578412872158 0.976415219659
-1.8429077069 -0.41191770173
-1.52070288847 0.859614670441
-0.481799230515 -1.78075031652
1.38118945495 -1.40994697104
-1.54302063271 0.016663879474
0.0433573959241 1.07080395442
0.852263713263 -0.579501641183
-1.16240023876 0.236791875163
-0.569665641059 0.961155324871
1.45204796541 -0.953791047281
1.74575987687 -0.746692558801
0.898323928502 -0.662739400886
-0.0530144313364 -1.49066862687
-0.825571448263 -0.649537012565
-1.08600251683 -1.50318727509
-0.661235060917 0.873988866905
-0.418152505419 -1.87978929413
1.94157321136 0.100494476936
-0.403466849954 -1.38218501919
-1.60172142064 0.865299062575
1.83797144372 -0.668773400762
1.36220070526 0.683895937178
-0.278437603817 -1.40348775329
1.16755503137 0.864807796489
0.58062894201 1.52851345126
-1.67559117219 -0.0559565436787
1.97818490228 -0.0485658868737
0.798345814021 -1.30010487259
1.17938403474 1.59022545726
1.00882232411 1.57524235582
-1.02677568201 0.480383901087
-1.47152736576 1.11946011848
1.21289912379 -0.856551306924
-0.98565318248 -0.88470621672
-0.226700040135 0.985907432807
-0.0401772458668 1.96289031775
0.910381040355 1.24348519702
-0.888865210455 -1.24817828873
1.66269133615 0.586565456014
-0.447731501725 -1.62414631528
0.408929145937 1.06110953629
-1.13644145026 0.931803017002
-1.30910579859 -0.863809042777
1.46125926022 -0.635204481614
-1.22895639194 -0.14318596207
1.67549453777 0.144435930218
-0.454225078743 -1.56166322438
-1.56794437114 1.11195950086
-0.28261081211 -1.39039908324
-0.642215698785 1.0652411987
0.552084701734 0.937437847817
-0.576985982646 -1.59713761003
1.80173182932 -0.591692470534
-0.397633745857 -1.55706750735
0.41771654287 1.790716669
1.44346005934 -1.16094594999
0.56356849815 1.04198794294
-1.25969202763 -1.0797558188
0.750502719958 -0.976008727415
1.64873544487 0.570524961203
-0.438628415911 -1.75720817496
-1.07632106348 1.18671278723
-0.310126849572 -1.56334097288
-0.237697306595 -1.76041650734
1.80559553222 0.804041042999
1.96260370044 0.118905102554
-1.56950737338 -0.469115253726
0.524937146543 -1.24328985997
-1.79225453416 0.812553146013
-0.492382794895 1.1992336638
0.642265262791 1.18883535802
-1.83561438698 -0.392797425648
-1.47819870733 0.849185448519
0.210112314223 1.46012064105
0.33001776779 -1.8147137274
-0.125770815451 -1.96781316435
0.67281993932 1.64606598396
-0.779172260371 -0.821131618953
-1.98398989097 -0.21730868831
-0.512206834928 -1.81028961826
-0.221826743147 1.11531532138
-1.92700973893 0.214345922617
1.43938656504 0.710979151928
0.128507382724 -1.15762927081
0.774054206835 0.836236774773
-0.973008830817 0.946037013695
0.642382283292 1.29550620664
0.835422393 -1.81710636021
-1.93360836592 0.388996992501
-1.95533537352 0.039712147669
-1.0733511697 -0.748361174257
-1.34470028541 -0.616970355124
1.69376964854 0.718759411765
-1.32321213633 -0.765637564404
0.979538651891 -0.800266770735
-1.94923790108 0.229880160748
1.54282738633 0.472721201842
1.25177303842 -1.05097942953
1.61813513267 -0.622369710986
-1.42024773819 -0.297656206513
1.02240832538 -0.139328712994
0.583963283173 1.55260067493
-0.664724863816 -1.64007904135
-0.852212102652 -0.736874174157
-0.831940707821 1.55110554603
-0.831499668284 -1.59170243519
1.31658148717 -0.493454775126
0.834967969272 -0.634524715128
0.73764813866 1.80467930203
-0.785125835934 -0.667500227569
1.52332889764 0.0531068937416
-0.615756938493 1.1011086085
0.857797878429 1.15056671217
-0.286797861016 -1.74027279327
1.15103347085 -1.53191775068
-0.512480264453 0.993424386019
-1.87586763164 -0.58243717149
1.49337225645 0.123502266984
1.6389013656 0.79301420382
-0.515432879459 -1.72495314918
-0.318644122154 1.5747119126
-1.02808994142 -1.05619337378
0.240592541747 1.12347192765
1.48915728274 0.553711279802
-1.7862559617 0.891109505693
-1.53451178366 -0.867517536108
1.78514379661 -0.638376350547
-0.556658445999 1.23018916674
0.00356637442089 1.64691744571
0.93959591986 1.56376140458
0.857033547684 0.964885656662
0.933950119625 1.22838499029
-1.3920865983 -0.282004629683
1.08097771332 1.50783478229
1.9548870151 -0.273459798721
-1.57158759877 -0.126333837154
-0.499734467703 -1.67153271609
-0.288578811404 1.15305919502
-0.04371530952 -1.67349086958
0.829035115048 -0.712450834975
-1.99346307715 0.0319929456448
0.557698080587 -0.882422495751
-1.41482933014 0.658261578117
-0.301890736727 -1.46534370294
0.17221725446 -1.8368200123
